 [525 155  51  25]
 [446 152  95  48]
 [233 201 101  50]
 [210 215  37  18]]  jkl   [[325  39  59  59]
 [165  94  88  88]
 [301  89  99  99]
 [305 111  56  56]]
[[212 226 115  58]
 [103  24  49  25]
 [426  20 107  54]
 [ 61  48  40  20]
 [425 422  43  22]
 [102 385  77  38]
 [ 86  47  42  21]
 [ 37 397 101  50]
 [126  43  77  39]
 [132  58  52  26]
 [146 272 229 114]
 [ 52  74  65  33]
 [464  51  72  36]
 [ 82  98  41  21]
 [120  80  68  34]
 [514 103  99  49]
 [ 55 112  41  21]
 [222 127  51  25]
 [401 132  47  23]
 [ 48 145  62  31]
 [342 210  52  26]
 [405 166 130  65]
 [ 46 186 110  55]
 [304 110 316 158]
 [231 187  96  48]
 [518 179 113  56]
 [470 135  84  42]
 [431 123  84  42]
 [ 51 136 111  55]]  jkl   [[ 70  72  21  21]
 [163  95  80  80]
 [300 109  55  55]